❯ ./sol.py
[+] Opening connection to 13.201.224.182 on port 30951: Done
> 
╔══════════════════════════════════════════════════════════════════════════════╗
║                                                                              ║
║   50 shots, hit the spot!                                                    ║
║ ____________________________________________________________________________ ║
║                                                                              ║
║   1. Verify divisibility                                                     ║
║   2. Verify co-prime array                                                   ║
║   3. Submit your guess                                                       ║
║                                                                              ║
╚══════════════════════════════════════════════════════════════════════════════╝

╔══════════════════════════════════════════════════════════════════════════════╗
║ [+] Choose an option (1, 2, or 3):                                           ║

[2]
[3]
[11]
[13]
[109]
[113]
2
13
109
[2, 13, 109]
[8788, 8192, 6976, 6656, 5668, 5408, 4394, 4096, 3488, 3328, 2834, 2704, 2197, 2048, 1744, 1664, 1417, 1352, 1024, 872, 832, 676, 512, 436, 416, 338, 256, 218, 208, 169, 128, 109, 104, 64, 52, 32, 26, 16, 13, 8, 4, 2, 1]
2834
Congratulations! Your guess is correct
[2]
[3]
[827]
[829]
3
829
[3, 829]
[7461, 6561, 2487, 2187, 829, 729, 243, 81, 27, 9, 3, 1]
2487
Congratulations! Your guess is correct
[2]
[3]
[373]
2
373
[2, 373]
[8192, 5968, 4096, 2984, 2048, 1492, 1024, 746, 512, 373, 256, 128, 64, 32, 16, 8, 4, 2, 1]
2984
Congratulations! Your guess is correct
[2]
[3]
[11]
[13]
[89]
[97]
2
11
97
[2, 11, 97]
[9409, 8536, 8192, 7744, 6208, 5632, 5324, 4268, 4096, 3872, 3104, 2816, 2662, 2134, 2048, 1936, 1552, 1408, 1331, 1067, 1024, 968, 776, 704, 512, 484, 388, 352, 256, 242, 194, 176, 128, 121, 97, 88, 64, 44, 32, 22, 16, 11, 8, 4, 2, 1]
4268
Congratulations! Your guess is correct
[2]
[3]
[37]
[71]
[73]
[41]
[43]
2
73
41
[2, 73, 41]
[9344, 8192, 6724, 5986, 5329, 5248, 4672, 4096, 3362, 2993, 2624, 2336, 2048, 1681, 1312, 1168, 1024, 656, 584, 512, 328, 292, 256, 164, 146, 128, 82, 73, 64, 41, 32, 16, 8, 4, 2, 1]
5986
Congratulations! Your guess is correct
[2]
[3]
[3593]
[3607]
2
3607
[2, 3607]
[8192, 7214, 4096, 3607, 2048, 1024, 512, 256, 128, 64, 32, 16, 8, 4, 2, 1]
7214
Congratulations! Your guess is correct
[2]
[3]
[5]
[7]
[17]
2
3
7
17
[2, 3, 7, 17]
[9996, 9826, 9792, 9639, 9604, 9408, 9261, 9248, 9216, 9072, 8748, 8704, 8568, 8262, 8232, 8192, 8092, 8064, 7938, 7803, 7776, 7616, 7497, 7344, 7203, 7168, 7056, 6936, 6912, 6804, 6664, 6561, 6528, 6426, 6272, 6174, 6144, 6069, 6048, 5832, 5831, 5712, 5508, 5488, 5376, 5292, 5202, 5184, 5103, 4998, 4913, 4896, 4802, 4704, 4624, 4608, 4536, 4374, 4352, 4284, 4131, 4116, 4096, 4046, 4032, 3969, 3888, 3808, 3672, 3584, 3528, 3468, 3456, 3402, 3332, 3264, 3213, 3136, 3087, 3072, 3024, 2916, 2856, 2754, 2744, 2688, 2646, 2601, 2592, 2499, 2448, 2401, 2352, 2312, 2304, 2268, 2187, 2176, 2142, 2058, 2048, 2023, 2016, 1944, 1904, 1836, 1792, 1764, 1734, 1728, 1701, 1666, 1632, 1568, 1536, 1512, 1458, 1428, 1377, 1372, 1344, 1323, 1296, 1224, 1176, 1156, 1152, 1134, 1088, 1071, 1029, 1024, 1008, 972, 952, 918, 896, 882, 867, 864, 833, 816, 784, 768, 756, 729, 714, 686, 672, 648, 612, 588, 578, 576, 567, 544, 512, 504, 486, 476, 459, 448, 441, 432, 408, 392, 384, 378, 357, 343, 336, 324, 306, 294, 289, 288, 272, 256, 252, 243, 238, 224, 216, 204, 196, 192, 189, 168, 162, 153, 147, 144, 136, 128, 126, 119, 112, 108, 102, 98, 96, 84, 81, 72, 68, 64, 63, 56, 54, 51, 49, 48, 42, 36, 34, 32, 28, 27, 24, 21, 18, 17, 16, 14, 12, 9, 8, 7, 6, 4, 3, 2, 1]
9996
Congratulations! Your guess is correct
[2]
[3]
[5]
[7]
[443]
[449]
3
5
443
[3, 5, 443]
[9375, 6645, 6561, 6075, 5625, 3987, 3645, 3375, 3125, 2215, 2187, 2025, 1875, 1329, 1215, 1125, 729, 675, 625, 443, 405, 375, 243, 225, 135, 125, 81, 75, 45, 27, 25, 15, 9, 5, 3, 1]
6645
Congratulations! Your guess is correct
[2]
[3]
[5]
[7]
[11]
[13]
[29]
[31]
3
7
13
31
[3, 7, 13, 31]
[9477, 9261, 8649, 8463, 8281, 7533, 7371, 7203, 6727, 6591, 6561, 5859, 5733, 5239, 5103, 4563, 4557, 4459, 3969, 3627, 3549, 3159, 3087, 2883, 2821, 2511, 2457, 2401, 2197, 2187, 1953, 1911, 1701, 1521, 1519, 1323, 1209, 1183, 1053, 1029, 961, 837, 819, 729, 651, 637, 567, 507, 441, 403, 351, 343, 279, 273, 243, 217, 189, 169, 147, 117, 93, 91, 81, 63, 49, 39, 31, 27, 21, 13, 9, 7, 3, 1]
8463
Congratulations! Your guess is correct
[5]
[7]
[1483]
[1487]
5
1483
[5, 1483]
[7415, 3125, 1483, 625, 125, 25, 5, 1]
7415
Congratulations! Your guess is correct
[*] Switching to interactive mode
.

$ 
$ 
Congratulations! You have guessed all 10 numbers correctly. Here is your flag: bi0sctf{y0u_4r3_4_m4th3m4t1c14n}
[*] Got EOF while reading in interactive
$ 
